     2     1
    GDAS    19    12    29     0     0
    GDAS    20     1     1     0     0
     1 BACKWARD OMEGA   
    20     1     1    12   51.525   -0.154   500.0
     1 PRESSURE
     1     1    20     1     1    12     0     0     0.0   51.525   -0.154    500.0    958.1
     1     1    20     1     1    11     0     1    -1.0   51.451   -0.251    475.8    960.8
     1     1    20     1     1    10     0     2    -2.0   51.375   -0.348    485.1    959.6
     1     1    20     1     1     9     0     3    -3.0   51.296   -0.436    528.7    954.4
     1     1    20     1     1     8     0     2    -4.0   51.211   -0.506    587.2    947.6
     1     1    20     1     1     7     0     1    -5.0   51.114   -0.562    625.1    943.1
     1     1    20     1     1     6     0     0    -6.0   51.004   -0.613    622.6    943.3
     1     1    20     1     1     5     0     1    -7.0   50.871   -0.649    597.6    947.4
     1     1    20     1     1     4     0     2    -8.0   50.708   -0.663    577.3    951.3
     1     1    20     1     1     3     0     3    -9.0   50.526   -0.660    571.8    953.7
     1     1    20     1     1     2     0     2   -10.0   50.347   -0.657    580.0    954.7
     1     1    20     1     1     1     0     1   -11.0   50.180   -0.666    590.3    955.4
     1     1    20     1     1     0     0     0   -12.0   50.024   -0.697    593.7    956.8
     1     1    19    12    31    23     0     1   -13.0   49.868   -0.726    591.0    955.6
     1     1    19    12    31    22     0     2   -14.0   49.705   -0.726    592.8    953.0
     1     1    19    12    31    21     0     3   -15.0   49.538   -0.712    610.6    948.6
     1     1    19    12    31    20     0     2   -16.0   49.378   -0.734    633.8    943.5
     1     1    19    12    31    19     0     1   -17.0   49.229   -0.827    645.2    939.4
     1     1    19    12    31    18     0     0   -18.0   49.091   -0.992    637.6    936.8
     1     1    19    12    31    17     0     1   -19.0   48.944   -1.198    622.2    940.4
     1     1    19    12    31    16     0     2   -20.0   48.766   -1.403    616.2    944.4
     1     1    19    12    31    15     0     3   -21.0   48.584   -1.610    625.9    945.2
     1     1    19    12    31    14     0     2   -22.0   48.409   -1.816    646.3    944.4
     1     1    19    12    31    13     0     1   -23.0   48.229   -2.011    659.3    943.0
     1     1    19    12    31    12     0     0   -24.0   48.041   -2.204    645.2    943.3
     1     1    19    12    31    11     0     1   -25.0   47.846   -2.401    614.5    947.7
     1     1    19    12    31    10     0     2   -26.0   47.657   -2.609    589.8    952.3
     1     1    19    12    31     9     0     3   -27.0   47.488   -2.839    574.4    955.5
     1     1    19    12    31     8     0     2   -28.0   47.339   -3.079    563.8    958.3
     1     1    19    12    31     7     0     1   -29.0   47.197   -3.314    556.3    960.7
     1     1    19    12    31     6     0     0   -30.0   47.073   -3.561    547.1    963.0
     1     1    19    12    31     5     0     1   -31.0   46.969   -3.823    531.3    965.5
     1     1    19    12    31     4     0     2   -32.0   46.869   -4.092    519.2    966.8
     1     1    19    12    31     3     0     3   -33.0   46.767   -4.379    510.7    967.7
     1     1    19    12    31     2     0     2   -34.0   46.659   -4.690    488.8    970.5
     1     1    19    12    31     1     0     1   -35.0   46.541   -5.018    443.2    976.1
     1     1    19    12    31     0     0     0   -36.0   46.406   -5.348    398.5    981.6
     1     1    19    12    30    23     0     1   -37.0   46.259   -5.673    380.8    983.6
     1     1    19    12    30    22     0     2   -38.0   46.111   -5.994    384.1    983.1
     1     1    19    12    30    21     0     3   -39.0   45.957   -6.306    388.3    982.4
     1     1    19    12    30    20     0     2   -40.0   45.790   -6.615    394.3    981.8
     1     1    19    12    30    19     0     1   -41.0   45.617   -6.946    407.4    980.5
     1     1    19    12    30    18     0     0   -42.0   45.441   -7.308    419.7    979.2
     1     1    19    12    30    17     0     1   -43.0   45.257   -7.689    421.0    978.7
     1     1    19    12    30    16     0     2   -44.0   45.059   -8.074    414.2    979.2
     1     1    19    12    30    15     0     3   -45.0   44.838   -8.447    411.4    979.1
     1     1    19    12    30    14     0     2   -46.0   44.597   -8.788    414.6    979.2
     1     1    19    12    30    13     0     1   -47.0   44.339   -9.088    410.0    980.3
     1     1    19    12    30    12     0     0   -48.0   44.062   -9.343    381.4    984.3
     1     1    19    12    30    11     0     1   -49.0   43.779   -9.558    357.5    983.8
     1     1    19    12    30    10     0     2   -50.0   43.507   -9.746    358.3    982.6
     1     1    19    12    30     9     0     3   -51.0   43.247   -9.914    361.9    983.8
     1     1    19    12    30     8     0     2   -52.0   42.992  -10.058    355.2    986.5
     1     1    19    12    30     7     0     1   -53.0   42.741  -10.165    342.0    987.9
     1     1    19    12    30     6     0     0   -54.0   42.492  -10.239    332.4    988.8
     1     1    19    12    30     5     0     1   -55.0   42.257  -10.294    331.4    988.9
     1     1    19    12    30     4     0     2   -56.0   42.042  -10.349    338.7    988.0
     1     1    19    12    30     3     0     3   -57.0   41.848  -10.408    349.3    986.6
     1     1    19    12    30     2     0     2   -58.0   41.661  -10.469    355.7    986.1
     1     1    19    12    30     1     0     1   -59.0   41.470  -10.529    354.8    986.5
     1     1    19    12    30     0     0     0   -60.0   41.274  -10.585    350.6    987.3
     1     1    19    12    29    23     0     1   -61.0   41.072  -10.622    346.7    987.5
     1     1    19    12    29    22     0     2   -62.0   40.871  -10.620    345.4    987.4
     1     1    19    12    29    21     0     3   -63.0   40.670  -10.582    348.3    986.8
     1     1    19    12    29    20     0     2   -64.0   40.473  -10.535    351.8    986.2
     1     1    19    12    29    19     0     1   -65.0   40.287  -10.503    346.7    986.7
     1     1    19    12    29    18     0     0   -66.0   40.111  -10.481    329.2    988.5
     1     1    19    12    29    17     0     1   -67.0   39.937  -10.460    311.7    990.2
     1     1    19    12    29    16     0     2   -68.0   39.751  -10.429    307.8    990.2
     1     1    19    12    29    15     0     3   -69.0   39.552  -10.386    318.5    988.5
     1     1    19    12    29    14     0     2   -70.0   39.346  -10.319    334.3    987.2
     1     1    19    12    29    13     0     1   -71.0   39.135  -10.211    343.6    986.6
     1     1    19    12    29    12     0     0   -72.0   38.913  -10.054    341.3    987.4
