     2     1
    GDAS    19    12    29     0     0
    GDAS    20     1     1     0     0
     1 BACKWARD OMEGA   
    20     1     1     0   51.525   -0.154   500.0
     1 PRESSURE
     1     1    20     1     1     0     0     0     0.0   51.525   -0.154    500.0    959.5
     1     1    19    12    31    23     0     1    -1.0   51.283    0.106    462.6    965.0
     1     1    19    12    31    22     0     2    -2.0   51.054    0.375    439.5    970.5
     1     1    19    12    31    21     0     3    -3.0   50.830    0.638    426.1    975.4
     1     1    19    12    31    20     0     2    -4.0   50.622    0.871    409.9    980.0
     1     1    19    12    31    19     0     1    -5.0   50.440    1.083    387.0    983.6
     1     1    19    12    31    18     0     0    -6.0   50.278    1.296    369.4    984.3
     1     1    19    12    31    17     0     1    -7.0   50.119    1.506    361.0    982.4
     1     1    19    12    31    16     0     2    -8.0   49.952    1.679    361.3    979.1
     1     1    19    12    31    15     0     3    -9.0   49.789    1.814    371.7    975.6
     1     1    19    12    31    14     0     2   -10.0   49.646    1.930    387.7    973.5
     1     1    19    12    31    13     0     1   -11.0   49.526    2.041    400.5    972.5
     1     1    19    12    31    12     0     0   -12.0   49.423    2.144    403.2    972.9
     1     1    19    12    31    11     0     1   -13.0   49.335    2.220    398.4    973.3
     1     1    19    12    31    10     0     2   -14.0   49.256    2.251    391.8    973.8
     1     1    19    12    31     9     0     3   -15.0   49.182    2.238    384.5    974.5
     1     1    19    12    31     8     0     2   -16.0   49.099    2.194    380.4    974.7
     1     1    19    12    31     7     0     1   -17.0   48.996    2.133    385.2    973.7
     1     1    19    12    31     6     0     0   -18.0   48.877    2.072    400.0    970.8
     1     1    19    12    31     5     0     1   -19.0   48.770    2.008    409.0    969.0
     1     1    19    12    31     4     0     2   -20.0   48.690    1.925    403.4    968.6
     1     1    19    12    31     3     0     3   -21.0   48.630    1.825    389.3    969.4
     1     1    19    12    31     2     0     2   -22.0   48.575    1.705    372.9    970.7
     1     1    19    12    31     1     0     1   -23.0   48.513    1.561    357.1    971.9
     1     1    19    12    31     0     0     0   -24.0   48.444    1.398    341.4    973.2
     1     1    19    12    30    23     0     1   -25.0   48.362    1.239    330.7    973.6
     1     1    19    12    30    22     0     2   -26.0   48.261    1.108    330.0    973.1
     1     1    19    12    30    21     0     3   -27.0   48.141    1.007    339.2    971.7
     1     1    19    12    30    20     0     2   -28.0   48.017    0.933    351.5    971.0
     1     1    19    12    30    19     0     1   -29.0   47.904    0.881    357.7    970.9
     1     1    19    12    30    18     0     0   -30.0   47.802    0.851    355.5    971.6
     1     1    19    12    30    17     0     1   -31.0   47.710    0.840    350.8    971.9
     1     1    19    12    30    16     0     2   -32.0   47.630    0.849    350.8    971.6
     1     1    19    12    30    15     0     3   -33.0   47.562    0.873    357.5    970.3
     1     1    19    12    30    14     0     2   -34.0   47.496    0.918    370.4    969.1
     1     1    19    12    30    13     0     1   -35.0   47.422    0.988    389.3    967.0
     1     1    19    12    30    12     0     0   -36.0   47.342    1.086    414.1    964.6
     1     1    19    12    30    11     0     1   -37.0   47.260    1.208    437.4    961.7
     1     1    19    12    30    10     0     2   -38.0   47.181    1.352    457.5    959.2
     1     1    19    12    30     9     0     3   -39.0   47.103    1.518    484.6    955.9
     1     1    19    12    30     8     0     2   -40.0   47.031    1.717    525.1    951.4
     1     1    19    12    30     7     0     1   -41.0   46.971    1.954    575.3    944.6
     1     1    19    12    30     6     0     0   -42.0   46.930    2.229    623.7    935.9
     1     1    19    12    30     5     0     1   -43.0   46.911    2.534    668.2    927.9
     1     1    19    12    30     4     0     2   -44.0   46.921    2.859    712.3    921.0
     1     1    19    12    30     3     0     3   -45.0   46.966    3.202    761.7    910.5
     1     1    19    12    30     2     0     2   -46.0   47.039    3.558    832.9    895.0
     1     1    19    12    30     1     0     1   -47.0   47.125    3.906    921.1    878.9
     1     1    19    12    30     0     0     0   -48.0   47.210    4.242   1007.4    874.8
     1     1    19    12    29    23     0     1   -49.0   47.298    4.588   1085.6    872.9
     1     1    19    12    29    22     0     2   -50.0   47.394    4.957   1162.2    868.9
     1     1    19    12    29    21     0     3   -51.0   47.494    5.346   1224.8    855.5
     1     1    19    12    29    20     0     2   -52.0   47.597    5.740   1271.7    845.4
     1     1    19    12    29    19     0     1   -53.0   47.697    6.136   1329.2    832.8
     1     1    19    12    29    18     0     0   -54.0   47.804    6.541   1450.4    804.5
     1     1    19    12    29    17     0     1   -55.0   47.943    6.935   1629.7    767.8
     1     1    19    12    29    16     0     2   -56.0   48.111    7.304   1782.9    758.5
     1     1    19    12    29    15     0     3   -57.0   48.288    7.658   1876.5    762.5
     1     1    19    12    29    14     0     2   -58.0   48.461    8.002   1964.0    766.5
     1     1    19    12    29    13     0     1   -59.0   48.637    8.333   2075.3    763.4
     1     1    19    12    29    12     0     0   -60.0   48.826    8.644   2186.4    760.1
     1     1    19    12    29    11     0     1   -61.0   49.026    8.937   2278.5    757.4
     1     1    19    12    29    10     0     2   -62.0   49.239    9.214   2356.7    748.7
     1     1    19    12    29     9     0     3   -63.0   49.468    9.474   2428.8    741.0
     1     1    19    12    29     8     0     2   -64.0   49.712    9.719   2499.9    734.7
     1     1    19    12    29     7     0     1   -65.0   49.968    9.954   2579.2    728.5
     1     1    19    12    29     6     0     0   -66.0   50.240   10.183   2656.2    719.3
     1     1    19    12    29     5     0     1   -67.0   50.533   10.395   2711.5    713.1
     1     1    19    12    29     4     0     2   -68.0   50.844   10.573   2733.9    711.2
     1     1    19    12    29     3     0     3   -69.0   51.166   10.718   2743.3    713.1
     1     1    19    12    29     2     0     2   -70.0   51.484   10.828   2770.1    715.2
     1     1    19    12    29     1     0     1   -71.0   51.791   10.898   2822.9    714.4
     1     1    19    12    29     0     0     0   -72.0   52.088   10.919   2888.6    712.3
