     2     1
    GDAS    19    12    29     0     0
    GDAS    20     1     1     0     0
     1 BACKWARD OMEGA   
    20     1     1     6   51.525   -0.154   500.0
     1 PRESSURE
     1     1    20     1     1     6     0     0     0.0   51.525   -0.154    500.0    957.9
     1     1    20     1     1     5     0     1    -1.0   51.355   -0.118    508.2    956.9
     1     1    20     1     1     4     0     2    -2.0   51.166   -0.050    512.7    956.4
     1     1    20     1     1     3     0     3    -3.0   50.961    0.030    498.5    958.6
     1     1    20     1     1     2     0     2    -4.0   50.759    0.108    469.0    964.7
     1     1    20     1     1     1     0     1    -5.0   50.565    0.176    434.4    971.0
     1     1    20     1     1     0     0     0    -6.0   50.375    0.237    397.7    977.4
     1     1    19    12    31    23     0     1    -7.0   50.186    0.298    368.4    982.3
     1     1    19    12    31    22     0     2    -8.0   49.992    0.359    350.6    985.4
     1     1    19    12    31    21     0     3    -9.0   49.787    0.420    345.0    983.8
     1     1    19    12    31    20     0     2   -10.0   49.590    0.467    348.0    981.3
     1     1    19    12    31    19     0     1   -11.0   49.416    0.486    348.0    979.2
     1     1    19    12    31    18     0     0   -12.0   49.259    0.475    340.3    978.3
     1     1    19    12    31    17     0     1   -13.0   49.101    0.443    334.2    976.8
     1     1    19    12    31    16     0     2   -14.0   48.929    0.404    336.0    975.3
     1     1    19    12    31    15     0     3   -15.0   48.755    0.367    340.7    974.7
     1     1    19    12    31    14     0     2   -16.0   48.590    0.326    344.3    975.3
     1     1    19    12    31    13     0     1   -17.0   48.439    0.268    345.2    976.3
     1     1    19    12    31    12     0     0   -18.0   48.295    0.201    342.2    977.8
     1     1    19    12    31    11     0     1   -19.0   48.154    0.135    333.7    979.1
     1     1    19    12    31    10     0     2   -20.0   48.013    0.080    319.1    981.1
     1     1    19    12    31     9     0     3   -21.0   47.871    0.034    300.7    983.4
     1     1    19    12    31     8     0     2   -22.0   47.736   -0.015    282.9    985.7
     1     1    19    12    31     7     0     1   -23.0   47.611   -0.077    269.6    987.3
     1     1    19    12    31     6     0     0   -24.0   47.491   -0.145    262.9    988.0
     1     1    19    12    31     5     0     1   -25.0   47.370   -0.212    258.6    988.5
     1     1    19    12    31     4     0     2   -26.0   47.243   -0.270    251.2    989.3
     1     1    19    12    31     3     0     3   -27.0   47.113   -0.322    239.2    990.7
     1     1    19    12    31     2     0     2   -28.0   46.983   -0.370    226.5    992.6
     1     1    19    12    31     1     0     1   -29.0   46.860   -0.409    217.2    994.6
     1     1    19    12    31     0     0     0   -30.0   46.744   -0.431    210.9    996.2
     1     1    19    12    30    23     0     1   -31.0   46.632   -0.431    208.4    996.8
     1     1    19    12    30    22     0     2   -32.0   46.523   -0.409    210.6    996.7
     1     1    19    12    30    21     0     3   -33.0   46.418   -0.367    217.9    995.8
     1     1    19    12    30    20     0     2   -34.0   46.323   -0.315    227.2    994.9
     1     1    19    12    30    19     0     1   -35.0   46.240   -0.262    233.5    994.2
     1     1    19    12    30    18     0     0   -36.0   46.167   -0.207    234.3    993.9
     1     1    19    12    30    17     0     1   -37.0   46.103   -0.152    231.9    993.5
     1     1    19    12    30    16     0     2   -38.0   46.050   -0.096    229.9    992.9
     1     1    19    12    30    15     0     3   -39.0   46.010   -0.043    228.4    992.2
     1     1    19    12    30    14     0     2   -40.0   45.973    0.010    228.6    992.2
     1     1    19    12    30    13     0     1   -41.0   45.931    0.069    231.6    991.4
     1     1    19    12    30    12     0     0   -42.0   45.884    0.132    235.9    990.3
     1     1    19    12    30    11     0     1   -43.0   45.831    0.202    237.6    988.8
     1     1    19    12    30    10     0     2   -44.0   45.769    0.280    236.3    987.4
     1     1    19    12    30     9     0     3   -45.0   45.698    0.370    236.6    985.7
     1     1    19    12    30     8     0     2   -46.0   45.624    0.473    243.3    983.2
     1     1    19    12    30     7     0     1   -47.0   45.554    0.589    257.3    979.5
     1     1    19    12    30     6     0     0   -48.0   45.491    0.717    276.0    974.9
     1     1    19    12    30     5     0     1   -49.0   45.434    0.845    295.5    969.9
     1     1    19    12    30     4     0     2   -50.0   45.380    0.962    313.1    965.3
     1     1    19    12    30     3     0     3   -51.0   45.326    1.069    329.0    960.7
     1     1    19    12    30     2     0     2   -52.0   45.273    1.173    343.6    956.8
     1     1    19    12    30     1     0     1   -53.0   45.217    1.278    358.0    952.9
     1     1    19    12    30     0     0     0   -54.0   45.157    1.376    373.6    949.1
     1     1    19    12    29    23     0     1   -55.0   45.100    1.464    391.5    944.7
     1     1    19    12    29    22     0     2   -56.0   45.049    1.542    409.4    940.5
     1     1    19    12    29    21     0     3   -57.0   45.003    1.607    420.7    937.4
     1     1    19    12    29    20     0     2   -58.0   44.972    1.672    426.5    935.5
     1     1    19    12    29    19     0     1   -59.0   44.974    1.753    428.8    932.9
     1     1    19    12    29    18     0     0   -60.0   45.012    1.852    425.5    929.7
     1     1    19    12    29    17     0     1   -61.0   45.067    1.960    424.0    926.1
     1     1    19    12    29    16     0     2   -62.0   45.118    2.064    428.7    920.7
     1     1    19    12    29    15     0     3   -63.0   45.168    2.170    439.5    914.1
     1     1    19    12    29    14     0     2   -64.0   45.216    2.300    459.2    907.0
     1     1    19    12    29    13     0     1   -65.0   45.265    2.481    487.9    897.5
     1     1    19    12    29    12     0     0   -66.0   45.323    2.725    517.5    886.9
     1     1    19    12    29    11     0     1   -67.0   45.404    3.026    547.2    877.5
     1     1    19    12    29    10     0     2   -68.0   45.502    3.336    587.5    879.9
     1     1    19    12    29     9     0     3   -69.0   45.612    3.631    633.0    882.2
     1     1    19    12    29     8     0     2   -70.0   45.724    3.911    660.0    886.6
     1     1    19    12    29     7     0     1   -71.0   45.809    4.163    663.3    896.1
     1     1    19    12    29     6     0     0   -72.0   45.855    4.379    661.0    904.6
