     2     1
    GDAS    19    12    29     0     0
    GDAS    20     1     1     0     0
     1 BACKWARD OMEGA   
    20     1     2     6   51.525   -0.154   500.0
     1 PRESSURE
     1     1    20     1     2     6     0     0     0.0   51.525   -0.154    500.0    952.4
     1     1    20     1     2     5     0     1    -1.0   51.266   -0.402    529.5    949.4
     1     1    20     1     2     4     0     2    -2.0   51.042   -0.610    549.5    947.6
     1     1    20     1     2     3     0     3    -3.0   50.849   -0.791    589.3    944.8
     1     1    20     1     2     2     0     2    -4.0   50.684   -0.955    650.3    940.1
     1     1    20     1     2     1     0     1    -5.0   50.541   -1.099    709.0    935.5
     1     1    20     1     2     0     0     0    -6.0   50.419   -1.222    759.8    931.5
     1     1    20     1     1    23     0     1    -7.0   50.316   -1.321    803.2    927.8
     1     1    20     1     1    22     0     2    -8.0   50.235   -1.395    842.2    924.4
     1     1    20     1     1    21     0     3    -9.0   50.174   -1.444    882.8    920.5
     1     1    20     1     1    20     0     2   -10.0   50.128   -1.482    925.0    916.6
     1     1    20     1     1    19     0     1   -11.0   50.090   -1.520    965.4    912.7
     1     1    20     1     1    18     0     0   -12.0   50.061   -1.556   1001.0    909.3
     1     1    20     1     1    17     0     1   -13.0   50.036   -1.592   1030.6    906.1
     1     1    20     1     1    16     0     2   -14.0   50.013   -1.633   1053.6    903.5
     1     1    20     1     1    15     0     3   -15.0   49.993   -1.679   1067.6    901.8
     1     1    20     1     1    14     0     2   -16.0   49.972   -1.720   1073.7    901.5
     1     1    20     1     1    13     0     1   -17.0   49.941   -1.746   1076.3    901.6
     1     1    20     1     1    12     0     0   -18.0   49.896   -1.756   1076.5    901.8
     1     1    20     1     1    11     0     1   -19.0   49.840   -1.768   1079.1    901.2
     1     1    20     1     1    10     0     2   -20.0   49.774   -1.797   1089.7    899.7
     1     1    20     1     1     9     0     3   -21.0   49.700   -1.845   1111.5    897.1
     1     1    20     1     1     8     0     2   -22.0   49.618   -1.912   1147.5    893.3
     1     1    20     1     1     7     0     1   -23.0   49.529   -1.995   1206.6    887.3
     1     1    20     1     1     6     0     0   -24.0   49.443   -2.092   1301.1    877.1
     1     1    20     1     1     5     0     1   -25.0   49.359   -2.190   1379.3    868.5
     1     1    20     1     1     4     0     2   -26.0   49.267   -2.272   1373.8    869.0
     1     1    20     1     1     3     0     3   -27.0   49.165   -2.344   1282.2    878.7
     1     1    20     1     1     2     0     2   -28.0   49.055   -2.409   1182.0    889.7
     1     1    20     1     1     1     0     1   -29.0   48.933   -2.483   1127.3    895.4
     1     1    20     1     1     0     0     0   -30.0   48.791   -2.572   1099.0    897.5
     1     1    19    12    31    23     0     1   -31.0   48.636   -2.693   1055.4    900.8
     1     1    19    12    31    22     0     2   -32.0   48.469   -2.855    954.4    910.3
     1     1    19    12    31    21     0     3   -33.0   48.269   -3.050    769.8    928.9
     1     1    19    12    31    20     0     2   -34.0   48.027   -3.234    572.2    949.0
     1     1    19    12    31    19     0     1   -35.0   47.779   -3.408    434.9    967.3
     1     1    19    12    31    18     0     0   -36.0   47.541   -3.591    359.3    979.1
     1     1    19    12    31    17     0     1   -37.0   47.320   -3.811    322.1    985.7
     1     1    19    12    31    16     0     2   -38.0   47.138   -4.086    313.5    988.6
     1     1    19    12    31    15     0     3   -39.0   46.989   -4.423    316.0    989.3
     1     1    19    12    31    14     0     2   -40.0   46.839   -4.819    302.4    991.5
     1     1    19    12    31    13     0     1   -41.0   46.686   -5.238    274.6    995.5
     1     1    19    12    31    12     0     0   -42.0   46.523   -5.658    240.8   1000.3
     1     1    19    12    31    11     0     1   -43.0   46.360   -6.071    210.5   1003.8
     1     1    19    12    31    10     0     2   -44.0   46.226   -6.483    203.8   1004.7
     1     1    19    12    31     9     0     3   -45.0   46.115   -6.889    242.0    999.9
     1     1    19    12    31     8     0     2   -46.0   46.025   -7.316    313.1    991.3
     1     1    19    12    31     7     0     1   -47.0   45.958   -7.784    369.9    984.6
     1     1    19    12    31     6     0     0   -48.0   45.916   -8.275    412.1    979.5
     1     1    19    12    31     5     0     1   -49.0   45.889   -8.791    457.7    973.9
     1     1    19    12    31     4     0     2   -50.0   45.877   -9.335    500.0    968.7
     1     1    19    12    31     3     0     3   -51.0   45.892   -9.903    540.8    963.7
     1     1    19    12    31     2     0     2   -52.0   45.920  -10.501    585.9    958.4
     1     1    19    12    31     1     0     1   -53.0   45.954  -11.146    620.8    954.4
     1     1    19    12    31     0     0     0   -54.0   46.004  -11.849    669.3    948.7
     1     1    19    12    30    23     0     1   -55.0   46.073  -12.596    725.5    941.6
     1     1    19    12    30    22     0     2   -56.0   46.153  -13.364    758.9    937.1
     1     1    19    12    30    21     0     3   -57.0   46.263  -14.153    792.7    932.5
     1     1    19    12    30    20     0     2   -58.0   46.414  -14.971    828.0    928.0
     1     1    19    12    30    19     0     1   -59.0   46.633  -15.795    864.0    923.3
     1     1    19    12    30    18     0     0   -60.0   46.943  -16.597    850.9    923.8
     1     1    19    12    30    17     0     1   -61.0   47.326  -17.351    813.2    927.1
     1     1    19    12    30    16     0     2   -62.0   47.757  -18.008    867.4    920.2
     1     1    19    12    30    15     0     3   -63.0   48.222  -18.530    924.1    913.4
     1     1    19    12    30    14     0     2   -64.0   48.682  -18.854    924.4    913.6
     1     1    19    12    30    13     0     1   -65.0   49.151  -18.945    831.2    924.1
     1     1    19    12    30    12     0     0   -66.0   49.632  -18.865    799.1    928.2
     1     1    19    12    30    11     0     1   -67.0   50.020  -18.634    877.0    919.4
     1     1    19    12    30    10     0     2   -68.0   50.308  -18.331    903.5    916.4
     1     1    19    12    30     9     0     3   -69.0   50.560  -17.993    837.3    923.8
     1     1    19    12    30     8     0     2   -70.0   50.802  -17.647    814.8    926.2
     1     1    19    12    30     7     0     1   -71.0   51.010  -17.387    914.9    914.7
     1     1    19    12    30     6     0     0   -72.0   51.166  -17.297   1093.6    894.6
