     2     1
    GDAS    19    12    29     0     0
    GDAS    20     1     1     0     0
     1 BACKWARD OMEGA   
    20     1     2     0   51.525   -0.154   500.0
     1 PRESSURE
     1     1    20     1     2     0     0     0     0.0   51.525   -0.154    500.0    955.4
     1     1    20     1     1    23     0     1    -1.0   51.351   -0.310    539.1    951.1
     1     1    20     1     1    22     0     2    -2.0   51.197   -0.413    583.2    946.3
     1     1    20     1     1    21     0     3    -3.0   51.062   -0.478    634.6    940.6
     1     1    20     1     1    20     0     2    -4.0   50.953   -0.528    689.3    935.1
     1     1    20     1     1    19     0     1    -5.0   50.872   -0.581    743.3    930.0
     1     1    20     1     1    18     0     0    -6.0   50.815   -0.648    798.4    924.6
     1     1    20     1     1    17     0     1    -7.0   50.776   -0.738    849.6    918.9
     1     1    20     1     1    16     0     2    -8.0   50.744   -0.847    892.6    914.1
     1     1    20     1     1    15     0     3    -9.0   50.716   -0.962    932.3    909.8
     1     1    20     1     1    14     0     2   -10.0   50.681   -1.068    972.3    906.2
     1     1    20     1     1    13     0     1   -11.0   50.636   -1.159   1011.8    902.8
     1     1    20     1     1    12     0     0   -12.0   50.582   -1.234   1045.4    900.1
     1     1    20     1     1    11     0     1   -13.0   50.520   -1.308   1081.2    896.6
     1     1    20     1     1    10     0     2   -14.0   50.443   -1.395   1128.1    891.9
     1     1    20     1     1     9     0     3   -15.0   50.350   -1.494   1186.9    886.2
     1     1    20     1     1     8     0     2   -16.0   50.242   -1.592   1236.8    881.8
     1     1    20     1     1     7     0     1   -17.0   50.124   -1.688   1262.2    880.2
     1     1    20     1     1     6     0     0   -18.0   50.003   -1.799   1272.7    880.2
     1     1    20     1     1     5     0     1   -19.0   49.875   -1.895   1284.7    878.6
     1     1    20     1     1     4     0     2   -20.0   49.736   -1.945   1288.5    878.0
     1     1    20     1     1     3     0     3   -21.0   49.583   -1.960   1236.6    883.5
     1     1    20     1     1     2     0     2   -22.0   49.425   -1.971   1163.9    891.6
     1     1    20     1     1     1     0     1   -23.0   49.261   -2.008   1129.4    896.0
     1     1    20     1     1     0     0     0   -24.0   49.086   -2.079   1149.3    894.1
     1     1    19    12    31    23     0     1   -25.0   48.912   -2.178   1146.9    893.5
     1     1    19    12    31    22     0     2   -26.0   48.738   -2.301   1057.7    901.8
     1     1    19    12    31    21     0     3   -27.0   48.556   -2.450    911.0    916.3
     1     1    19    12    31    20     0     2   -28.0   48.346   -2.618    757.0    931.6
     1     1    19    12    31    19     0     1   -29.0   48.106   -2.792    616.3    945.3
     1     1    19    12    31    18     0     0   -30.0   47.858   -2.971    479.9    961.8
     1     1    19    12    31    17     0     1   -31.0   47.636   -3.154    367.2    977.2
     1     1    19    12    31    16     0     2   -32.0   47.440   -3.352    289.8    988.2
     1     1    19    12    31    15     0     3   -33.0   47.281   -3.576    245.7    994.8
     1     1    19    12    31    14     0     2   -34.0   47.145   -3.823    222.6    999.7
     1     1    19    12    31    13     0     1   -35.0   47.011   -4.091    211.0   1003.3
     1     1    19    12    31    12     0     0   -36.0   46.875   -4.385    196.0   1006.1
     1     1    19    12    31    11     0     1   -37.0   46.746   -4.698    179.6   1007.8
     1     1    19    12    31    10     0     2   -38.0   46.631   -5.039    164.7   1009.1
     1     1    19    12    31     9     0     3   -39.0   46.525   -5.388    150.9   1010.5
     1     1    19    12    31     8     0     2   -40.0   46.420   -5.732    144.7   1011.2
     1     1    19    12    31     7     0     1   -41.0   46.310   -6.074    138.6   1011.6
     1     1    19    12    31     6     0     0   -42.0   46.205   -6.423    129.9   1012.3
     1     1    19    12    31     5     0     1   -43.0   46.124   -6.800    126.1   1013.0
     1     1    19    12    31     4     0     2   -44.0   46.059   -7.208    131.3   1012.8
     1     1    19    12    31     3     0     3   -45.0   46.021   -7.642    144.0   1011.5
     1     1    19    12    31     2     0     2   -46.0   45.998   -8.102    156.8   1009.6
     1     1    19    12    31     1     0     1   -47.0   45.938   -8.578    158.5   1009.2
     1     1    19    12    31     0     0     0   -48.0   45.842   -9.060    147.2   1010.4
     1     1    19    12    30    23     0     1   -49.0   45.746   -9.541    141.2   1011.0
     1     1    19    12    30    22     0     2   -50.0   45.650  -10.019    152.0   1009.4
     1     1    19    12    30    21     0     3   -51.0   45.557  -10.495    167.6   1006.9
     1     1    19    12    30    20     0     2   -52.0   45.474  -10.980    175.7   1005.5
     1     1    19    12    30    19     0     1   -53.0   45.382  -11.475    174.8   1005.4
     1     1    19    12    30    18     0     0   -54.0   45.286  -11.986    168.6   1005.6
     1     1    19    12    30    17     0     1   -55.0   45.183  -12.500    160.9   1006.2
     1     1    19    12    30    16     0     2   -56.0   45.030  -13.011    154.3   1006.4
     1     1    19    12    30    15     0     3   -57.0   44.812  -13.535    151.8   1006.1
     1     1    19    12    30    14     0     2   -58.0   44.585  -14.054    150.5   1006.5
     1     1    19    12    30    13     0     1   -59.0   44.359  -14.536    144.5   1007.4
     1     1    19    12    30    12     0     0   -60.0   44.060  -14.989    136.8   1008.4
     1     1    19    12    30    11     0     1   -61.0   43.749  -15.445    129.1   1009.2
     1     1    19    12    30    10     0     2   -62.0   43.489  -15.896    120.1   1009.5
     1     1    19    12    30     9     0     3   -63.0   43.240  -16.366    113.0   1009.5
     1     1    19    12    30     8     0     2   -64.0   42.993  -16.872    109.2   1009.8
     1     1    19    12    30     7     0     1   -65.0   42.746  -17.377    107.3   1009.6
     1     1    19    12    30     6     0     0   -66.0   42.492  -17.888    111.4   1008.5
     1     1    19    12    30     5     0     1   -67.0   42.285  -18.411    121.3   1007.1
     1     1    19    12    30     4     0     2   -68.0   42.107  -18.912    131.2   1005.3
     1     1    19    12    30     3     0     3   -69.0   41.950  -19.463    144.7   1002.9
     1     1    19    12    30     2     0     2   -70.0   41.876  -20.024    153.2   1001.5
     1     1    19    12    30     1     0     1   -71.0   41.871  -20.495    150.0   1001.4
     1     1    19    12    30     0     0     0   -72.0   41.937  -20.916    144.3   1001.0
