     2     1
    GDAS    19    12    29     0     0
    GDAS    20     1     1     0     0
     1 BACKWARD OMEGA   
    20     1     2    18   51.525   -0.154   500.0
     1 PRESSURE
     1     1    20     1     2    18     0     0     0.0   51.525   -0.154    500.0    946.5
     1     1    20     1     2    17     0     1    -1.0   51.154   -0.788    482.8    949.2
     1     1    20     1     2    16     0     2    -2.0   50.779   -1.374    465.2    954.2
     1     1    20     1     2    15     0     3    -3.0   50.402   -1.923    449.7    960.5
     1     1    20     1     2    14     0     2    -4.0   50.032   -2.438    441.4    966.4
     1     1    20     1     2    13     0     1    -5.0   49.680   -2.907    433.1    968.7
     1     1    20     1     2    12     0     0    -6.0   49.346   -3.320    422.4    971.0
     1     1    20     1     2    11     0     1    -7.0   49.005   -3.710    410.0    972.9
     1     1    20     1     2    10     0     2    -8.0   48.639   -4.094    374.3    974.2
     1     1    20     1     2     9     0     3    -9.0   48.275   -4.441    320.6    980.2
     1     1    20     1     2     8     0     2   -10.0   47.926   -4.747    280.0    987.5
     1     1    20     1     2     7     0     1   -11.0   47.592   -5.023    266.0    992.2
     1     1    20     1     2     6     0     0   -12.0   47.269   -5.283    274.0    991.9
     1     1    20     1     2     5     0     1   -13.0   46.970   -5.528    286.5    990.7
     1     1    20     1     2     4     0     2   -14.0   46.697   -5.752    298.5    989.5
     1     1    20     1     2     3     0     3   -15.0   46.443   -5.952    316.1    987.7
     1     1    20     1     2     2     0     2   -16.0   46.204   -6.124    335.7    986.1
     1     1    20     1     2     1     0     1   -17.0   45.982   -6.266    350.1    985.2
     1     1    20     1     2     0     0     0   -18.0   45.780   -6.377    359.3    984.8
     1     1    20     1     1    23     0     1   -19.0   45.603   -6.462    366.4    984.4
     1     1    20     1     1    22     0     2   -20.0   45.456   -6.534    375.0    983.8
     1     1    20     1     1    21     0     3   -21.0   45.341   -6.593    385.6    982.9
     1     1    20     1     1    20     0     2   -22.0   45.251   -6.654    396.6    981.9
     1     1    20     1     1    19     0     1   -23.0   45.181   -6.727    406.2    981.2
     1     1    20     1     1    18     0     0   -24.0   45.126   -6.813    413.2    980.7
     1     1    20     1     1    17     0     1   -25.0   45.087   -6.915    412.3    980.6
     1     1    20     1     1    16     0     2   -26.0   45.058   -7.037    400.3    981.8
     1     1    20     1     1    15     0     3   -27.0   45.039   -7.176    382.7    983.6
     1     1    20     1     1    14     0     2   -28.0   45.027   -7.321    358.5    987.1
     1     1    20     1     1    13     0     1   -29.0   45.023   -7.465    322.9    992.0
     1     1    20     1     1    12     0     0   -30.0   45.031   -7.617    279.3    997.8
     1     1    20     1     1    11     0     1   -31.0   45.039   -7.781    240.4   1002.3
     1     1    20     1     1    10     0     2   -32.0   45.035   -7.957    209.3   1005.6
     1     1    20     1     1     9     0     3   -33.0   45.018   -8.143    181.7   1008.4
     1     1    20     1     1     8     0     2   -34.0   44.999   -8.332    160.0   1011.1
     1     1    20     1     1     7     0     1   -35.0   44.992   -8.520    142.5   1013.5
     1     1    20     1     1     6     0     0   -36.0   44.998   -8.706    124.5   1015.9
     1     1    20     1     1     5     0     1   -37.0   45.015   -8.898    110.8   1017.6
     1     1    20     1     1     4     0     2   -38.0   45.034   -9.103    106.2   1018.1
     1     1    20     1     1     3     0     3   -39.0   45.056   -9.327    109.4   1017.7
     1     1    20     1     1     2     0     2   -40.0   45.084   -9.567    114.3   1017.5
     1     1    20     1     1     1     0     1   -41.0   45.112   -9.811    115.7   1017.7
     1     1    20     1     1     0     0     0   -42.0   45.141  -10.052    113.3   1018.4
     1     1    19    12    31    23     0     1   -43.0   45.176  -10.279    112.0   1018.5
     1     1    19    12    31    22     0     2   -44.0   45.224  -10.489    115.4   1018.0
     1     1    19    12    31    21     0     3   -45.0   45.289  -10.680    120.7   1017.2
     1     1    19    12    31    20     0     2   -46.0   45.370  -10.881    124.5   1016.4
     1     1    19    12    31    19     0     1   -47.0   45.465  -11.118    125.4   1015.8
     1     1    19    12    31    18     0     0   -48.0   45.571  -11.394    125.5   1015.3
     1     1    19    12    31    17     0     1   -49.0   45.673  -11.699    127.2   1014.9
     1     1    19    12    31    16     0     2   -50.0   45.759  -12.019    130.5   1014.4
     1     1    19    12    31    15     0     3   -51.0   45.828  -12.347    136.1   1013.6
     1     1    19    12    31    14     0     2   -52.0   45.887  -12.673    147.2   1012.8
     1     1    19    12    31    13     0     1   -53.0   45.950  -12.991    165.0   1011.2
     1     1    19    12    31    12     0     0   -54.0   46.024  -13.295    184.6   1009.4
     1     1    19    12    31    11     0     1   -55.0   46.110  -13.591    196.5   1007.5
     1     1    19    12    31    10     0     2   -56.0   46.208  -13.894    199.6   1006.7
     1     1    19    12    31     9     0     3   -57.0   46.316  -14.210    199.3   1006.3
     1     1    19    12    31     8     0     2   -58.0   46.436  -14.546    200.2   1005.9
     1     1    19    12    31     7     0     1   -59.0   46.576  -14.909    206.0   1004.8
     1     1    19    12    31     6     0     0   -60.0   46.736  -15.296    210.7   1003.9
     1     1    19    12    31     5     0     1   -61.0   46.904  -15.718    206.8   1004.3
     1     1    19    12    31     4     0     2   -62.0   47.072  -16.169    202.9   1004.7
     1     1    19    12    31     3     0     3   -63.0   47.248  -16.629    214.9   1003.1
     1     1    19    12    31     2     0     2   -64.0   47.438  -17.092    243.7    999.6
     1     1    19    12    31     1     0     1   -65.0   47.642  -17.548    272.7    996.0
     1     1    19    12    31     0     0     0   -66.0   47.868  -17.974    282.3    995.0
     1     1    19    12    30    23     0     1   -67.0   48.108  -18.369    281.5    994.5
     1     1    19    12    30    22     0     2   -68.0   48.356  -18.723    276.7    994.7
     1     1    19    12    30    21     0     3   -69.0   48.618  -19.023    262.3    996.2
     1     1    19    12    30    20     0     2   -70.0   48.890  -19.255    251.8    996.7
     1     1    19    12    30    19     0     1   -71.0   49.172  -19.397    257.4    995.3
     1     1    19    12    30    18     0     0   -72.0   49.466  -19.437    277.7    992.2
