     2     1
    GDAS    19    12    29     0     0
    GDAS    20     1     1     0     0
     1 BACKWARD OMEGA   
    20     1     1    18   51.525   -0.154   500.0
     1 PRESSURE
     1     1    20     1     1    18     0     0     0.0   51.525   -0.154    500.0    957.2
     1     1    20     1     1    17     0     1    -1.0   51.468   -0.290    577.6    947.8
     1     1    20     1     1    16     0     2    -2.0   51.415   -0.444    635.3    940.8
     1     1    20     1     1    15     0     3    -3.0   51.367   -0.614    671.8    936.4
     1     1    20     1     1    14     0     2    -4.0   51.321   -0.784    697.9    934.0
     1     1    20     1     1    13     0     1    -5.0   51.272   -0.942    734.4    930.4
     1     1    20     1     1    12     0     0    -6.0   51.216   -1.087    792.1    924.3
     1     1    20     1     1    11     0     1    -7.0   51.152   -1.218    870.9    915.2
     1     1    20     1     1    10     0     2    -8.0   51.079   -1.343    967.0    904.4
     1     1    20     1     1     9     0     3    -9.0   50.991   -1.478   1080.7    891.6
     1     1    20     1     1     8     0     2   -10.0   50.873   -1.600   1173.4    882.4
     1     1    20     1     1     7     0     1   -11.0   50.727   -1.686   1215.9    879.2
     1     1    20     1     1     6     0     0   -12.0   50.566   -1.751   1224.6    879.8
     1     1    20     1     1     5     0     1   -13.0   50.399   -1.791   1229.3    880.9
     1     1    20     1     1     4     0     2   -14.0   50.228   -1.788   1249.4    880.4
     1     1    20     1     1     3     0     3   -15.0   50.052   -1.758   1289.3    877.7
     1     1    20     1     1     2     0     2   -16.0   49.876   -1.735   1343.1    872.1
     1     1    20     1     1     1     0     1   -17.0   49.703   -1.734   1401.2    865.4
     1     1    20     1     1     0     0     0   -18.0   49.533   -1.757   1479.5    856.7
     1     1    19    12    31    23     0     1   -19.0   49.362   -1.805   1533.6    850.9
     1     1    19    12    31    22     0     2   -20.0   49.192   -1.880   1492.5    855.6
     1     1    19    12    31    21     0     3   -21.0   49.024   -1.972   1316.8    875.7
     1     1    19    12    31    20     0     2   -22.0   48.850   -2.086   1106.0    897.7
     1     1    19    12    31    19     0     1   -23.0   48.672   -2.229    991.1    908.7
     1     1    19    12    31    18     0     0   -24.0   48.487   -2.392    940.6    912.6
     1     1    19    12    31    17     0     1   -25.0   48.296   -2.569    901.3    914.9
     1     1    19    12    31    16     0     2   -26.0   48.097   -2.763    819.3    921.9
     1     1    19    12    31    15     0     3   -27.0   47.888   -2.978    667.4    939.1
     1     1    19    12    31    14     0     2   -28.0   47.684   -3.195    508.1    960.3
     1     1    19    12    31    13     0     1   -29.0   47.492   -3.399    399.7    975.7
     1     1    19    12    31    12     0     0   -30.0   47.311   -3.609    317.2    988.1
     1     1    19    12    31    11     0     1   -31.0   47.143   -3.847    274.6    994.6
     1     1    19    12    31    10     0     2   -32.0   46.988   -4.143    292.8    993.7
     1     1    19    12    31     9     0     3   -33.0   46.851   -4.487    348.7    986.8
     1     1    19    12    31     8     0     2   -34.0   46.728   -4.854    401.5    980.5
     1     1    19    12    31     7     0     1   -35.0   46.612   -5.228    455.3    974.1
     1     1    19    12    31     6     0     0   -36.0   46.502   -5.612    498.1    969.1
     1     1    19    12    31     5     0     1   -37.0   46.398   -6.028    496.4    969.2
     1     1    19    12    31     4     0     2   -38.0   46.299   -6.495    479.0    971.1
     1     1    19    12    31     3     0     3   -39.0   46.209   -7.020    480.6    970.8
     1     1    19    12    31     2     0     2   -40.0   46.109   -7.564    500.2    968.7
     1     1    19    12    31     1     0     1   -41.0   45.980   -8.094    519.3    966.6
     1     1    19    12    31     0     0     0   -42.0   45.841   -8.638    514.1    967.4
     1     1    19    12    30    23     0     1   -43.0   45.711   -9.200    501.3    968.6
     1     1    19    12    30    22     0     2   -44.0   45.584   -9.753    509.3    967.3
     1     1    19    12    30    21     0     3   -45.0   45.463  -10.288    534.4    963.9
     1     1    19    12    30    20     0     2   -46.0   45.352  -10.813    556.5    961.2
     1     1    19    12    30    19     0     1   -47.0   45.245  -11.354    558.4    960.7
     1     1    19    12    30    18     0     0   -48.0   45.145  -11.927    536.1    962.7
     1     1    19    12    30    17     0     1   -49.0   45.046  -12.518    513.9    964.9
     1     1    19    12    30    16     0     2   -50.0   44.901  -13.121    507.2    965.1
     1     1    19    12    30    15     0     3   -51.0   44.710  -13.754    508.6    964.1
     1     1    19    12    30    14     0     2   -52.0   44.537  -14.395    508.8    964.4
     1     1    19    12    30    13     0     1   -53.0   44.363  -15.012    499.4    965.4
     1     1    19    12    30    12     0     0   -54.0   44.165  -15.628    477.4    967.7
     1     1    19    12    30    11     0     1   -55.0   43.994  -16.240    451.0    970.0
     1     1    19    12    30    10     0     2   -56.0   43.845  -16.837    433.1    971.1
     1     1    19    12    30     9     0     3   -57.0   43.755  -17.443    463.2    966.3
     1     1    19    12    30     8     0     2   -58.0   43.739  -18.012    575.8    952.8
     1     1    19    12    30     7     0     1   -59.0   43.686  -18.503    687.3    939.6
     1     1    19    12    30     6     0     0   -60.0   43.620  -19.007    757.3    930.7
     1     1    19    12    30     5     0     1   -61.0   43.586  -19.487    779.3    928.3
     1     1    19    12    30     4     0     2   -62.0   43.523  -19.863    695.0    937.1
     1     1    19    12    30     3     0     3   -63.0   43.427  -20.116    521.1    956.1
     1     1    19    12    30     2     0     2   -64.0   43.361  -20.283    355.6    975.5
     1     1    19    12    30     1     0     1   -65.0   43.379  -20.413    252.9    987.4
     1     1    19    12    30     0     0     0   -66.0   43.458  -20.477    175.4    996.4
     1     1    19    12    29    23     0     1   -67.0   43.539  -20.511    132.5   1001.0
     1     1    19    12    29    22     0     2   -68.0   43.570  -20.549    115.7   1002.6
     1     1    19    12    29    21     0     3   -69.0   43.549  -20.590    116.4   1002.1
     1     1    19    12    29    20     0     2   -70.0   43.497  -20.635    125.2   1000.7
     1     1    19    12    29    19     0     1   -71.0   43.433  -20.695    130.1    999.7
     1     1    19    12    29    18     0     0   -72.0   43.360  -20.789    127.4    999.6
