     2     1
    GDAS    19    12    29     0     0
    GDAS    20     1     1     0     0
     1 BACKWARD OMEGA   
    20     1     2    12   51.525   -0.154   500.0
     1 PRESSURE
     1     1    20     1     2    12     0     0     0.0   51.525   -0.154    500.0    949.8
     1     1    20     1     2    11     0     1    -1.0   51.169   -0.543    490.6    951.9
     1     1    20     1     2    10     0     2    -2.0   50.852   -0.895    443.6    959.6
     1     1    20     1     2     9     0     3    -3.0   50.571   -1.230    404.8    967.6
     1     1    20     1     2     8     0     2    -4.0   50.317   -1.551    387.9    972.6
     1     1    20     1     2     7     0     1    -5.0   50.089   -1.852    376.0    976.9
     1     1    20     1     2     6     0     0    -6.0   49.888   -2.137    362.1    980.0
     1     1    20     1     2     5     0     1    -7.0   49.702   -2.415    351.1    981.6
     1     1    20     1     2     4     0     2    -8.0   49.535   -2.694    349.3    982.1
     1     1    20     1     2     3     0     3    -9.0   49.404   -2.971    356.3    981.5
     1     1    20     1     2     2     0     2   -10.0   49.289   -3.242    361.7    981.4
     1     1    20     1     2     1     0     1   -11.0   49.169   -3.496    363.5    981.9
     1     1    20     1     2     0     0     0   -12.0   49.055   -3.724    377.1    981.1
     1     1    20     1     1    23     0     1   -13.0   48.957   -3.941    400.5    978.1
     1     1    20     1     1    22     0     2   -14.0   48.877   -4.164    416.9    975.6
     1     1    20     1     1    21     0     3   -15.0   48.812   -4.375    421.9    975.0
     1     1    20     1     1    20     0     2   -16.0   48.766   -4.569    429.2    974.6
     1     1    20     1     1    19     0     1   -17.0   48.743   -4.752    451.4    972.7
     1     1    20     1     1    18     0     0   -18.0   48.754   -4.925    492.2    968.7
     1     1    20     1     1    17     0     1   -19.0   48.785   -5.096    545.4    962.4
     1     1    20     1     1    16     0     2   -20.0   48.816   -5.278    598.1    956.1
     1     1    20     1     1    15     0     3   -21.0   48.844   -5.482    649.0    949.9
     1     1    20     1     1    14     0     2   -22.0   48.867   -5.696    688.7    945.7
     1     1    20     1     1    13     0     1   -23.0   48.885   -5.898    703.2    944.4
     1     1    20     1     1    12     0     0   -24.0   48.900   -6.082    690.0    946.3
     1     1    20     1     1    11     0     1   -25.0   48.912   -6.235    668.7    948.5
     1     1    20     1     1    10     0     2   -26.0   48.920   -6.350    654.0    949.9
     1     1    20     1     1     9     0     3   -27.0   48.928   -6.423    642.0    950.9
     1     1    20     1     1     8     0     2   -28.0   48.948   -6.463    636.5    951.6
     1     1    20     1     1     7     0     1   -29.0   48.990   -6.477    641.4    951.0
     1     1    20     1     1     6     0     0   -30.0   49.056   -6.467    659.2    949.0
     1     1    20     1     1     5     0     1   -31.0   49.126   -6.478    669.0    947.6
     1     1    20     1     1     4     0     2   -32.0   49.184   -6.539    648.9    949.6
     1     1    20     1     1     3     0     3   -33.0   49.234   -6.643    601.0    954.9
     1     1    20     1     1     2     0     2   -34.0   49.280   -6.749    555.4    960.5
     1     1    20     1     1     1     0     1   -35.0   49.322   -6.820    540.3    962.5
     1     1    20     1     1     0     0     0   -36.0   49.361   -6.854    555.2    961.1
     1     1    19    12    31    23     0     1   -37.0   49.400   -6.852    577.7    958.1
     1     1    19    12    31    22     0     2   -38.0   49.445   -6.813    580.8    957.4
     1     1    19    12    31    21     0     3   -39.0   49.492   -6.734    561.2    959.3
     1     1    19    12    31    20     0     2   -40.0   49.533   -6.641    529.4    963.0
     1     1    19    12    31    19     0     1   -41.0   49.559   -6.560    495.0    967.1
     1     1    19    12    31    18     0     0   -42.0   49.570   -6.485    451.8    972.2
     1     1    19    12    31    17     0     1   -43.0   49.554   -6.401    404.3    977.3
     1     1    19    12    31    16     0     2   -44.0   49.496   -6.308    366.6    981.4
     1     1    19    12    31    15     0     3   -45.0   49.398   -6.225    343.5    983.7
     1     1    19    12    31    14     0     2   -46.0   49.279   -6.171    322.2    986.8
     1     1    19    12    31    13     0     1   -47.0   49.156   -6.172    292.7    990.8
     1     1    19    12    31    12     0     0   -48.0   49.031   -6.271    258.4    995.3
     1     1    19    12    31    11     0     1   -49.0   48.907   -6.454    229.8    998.4
     1     1    19    12    31    10     0     2   -50.0   48.774   -6.680    214.1   1000.0
     1     1    19    12    31     9     0     3   -51.0   48.614   -6.942    207.9   1000.4
     1     1    19    12    31     8     0     2   -52.0   48.429   -7.232    203.6   1000.6
     1     1    19    12    31     7     0     1   -53.0   48.235   -7.550    198.7   1000.9
     1     1    19    12    31     6     0     0   -54.0   48.010   -7.897    198.1   1000.9
     1     1    19    12    31     5     0     1   -55.0   47.779   -8.299    200.8   1000.8
     1     1    19    12    31     4     0     2   -56.0   47.586   -8.766    212.0    999.6
     1     1    19    12    31     3     0     3   -57.0   47.418   -9.267    233.6    996.9
     1     1    19    12    31     2     0     2   -58.0   47.258   -9.825    237.3    996.7
     1     1    19    12    31     1     0     1   -59.0   47.120  -10.450    225.7    998.4
     1     1    19    12    31     0     0     0   -60.0   47.005  -11.140    231.5    997.9
     1     1    19    12    30    23     0     1   -61.0   46.891  -11.890    243.0    995.9
     1     1    19    12    30    22     0     2   -62.0   46.801  -12.668    249.1    994.7
     1     1    19    12    30    21     0     3   -63.0   46.749  -13.479    261.5    992.7
     1     1    19    12    30    20     0     2   -64.0   46.752  -14.329    265.6    992.0
     1     1    19    12    30    19     0     1   -65.0   46.860  -15.210    278.7    990.0
     1     1    19    12    30    18     0     0   -66.0   47.072  -16.083    278.7    989.3
     1     1    19    12    30    17     0     1   -67.0   47.354  -16.890    257.8    990.9
     1     1    19    12    30    16     0     2   -68.0   47.709  -17.624    253.4    990.7
     1     1    19    12    30    15     0     3   -69.0   48.151  -18.267    264.7    989.1
     1     1    19    12    30    14     0     2   -70.0   48.638  -18.700    264.8    989.7
     1     1    19    12    30    13     0     1   -71.0   49.153  -18.872    237.0    993.4
     1     1    19    12    30    12     0     0   -72.0   49.655  -18.843    233.6    994.5
